Odvoz
6
100 30 30 91
0 6 18 8 29 64 22 4 18 1 39 2 5 31 23 10 18 4 1 18 9 17 2 8 25 14 20 8 15 46 4 18 8 4 18 35 8 8 34 1 3 1 32 11 6 44 21 12 45 3 4 24 12 16 42 34 2 32 8 9 3 16 20 5 4 8 7 19 6 8 4 1 15 2 4 18 6 18 34 16 4 51 8 19 18 13 21 25 24 32 4 4 5 8 35 68 12 18 1 44
4 0 33 10 10 25 12 2 1 4 25 4 30 24 32 22 11 25 3 5 21 12 46 21 6 1 26 21 10 37 29 6 21 6 8 25 20 10 39 4 6 4 1 26 1 25 17 3 37 5 6 6 5 57 43 41 6 9 19 10 7 2 11 7 10 1 21 3 30 20 28 4 56 3 6 34 1 1 1 2 11 40 21 26 1 17 47 6 44 1 38 6 16 21 50 50 16 43 4 2
8 29 0 5 5 4 25 19 1 36 20 34 11 5 30 7 26 10 41 3 28 1 12 6 30 28 24 5 6 14 11 17 5 10 1 4 27 5 15 19 29 41 1 9 18 24 24 4 15 16 10 3 3 59 23 59 15 5 6 5 26 36 2 13 5 27 6 2 18 5 30 17 37 10 11 1 18 17 13 37 26 23 5 4 17 15 36 11 10 26 14 10 2 5 59 15 3 1 17 38
17 8 34 0 1 4 35 27 37 8 5 16 8 5 3 20 20 5 17 8 26 35 17 41 7 43 5 1 34 4 9 3 1 4 31 5 39 1 19 4 34 17 13 16 3 5 16 4 58 35 7 4 29 58 4 41 5 34 43 1 6 57 34 38 1 39 12 20 30 11 63 17 60 7 7 5 37 35 13 60 36 4 1 5 3 7 17 7 7 14 20 7 4 1 27 26 4 6 18 55
16 2 22 1 0 26 31 3 21 16 7 10 18 2 4 4 15 18 16 20 30 15 10 31 4 2 28 3 9 37 18 5 32 18 6 7 2 1 36 8 15 17 2 5 5 27 10 25 43 14 5 5 24 1 12 32 29 13 30 1 12 12 30 6 1 2 23 8 5 22 5 10 12 5 5 21 6 6 2 12 14 27 2 14 5 18 10 4 17 2 12 5 20 31 40 39 18 6 10 12
34 4 4 14 72 0 17 6 4 24 48 9 23 1 20 17 15 9 57 24 17 15 9 16 17 4 11 16 18 21 21 21 16 21 16 2 15 17 58 21 16 2 4 9 14 10 10 1 59 18 8 9 1 36 1 17 18 17 15 18 12 36 15 7 17 4 16 41 13 16 24 10 18 7 24 40 7 41 4 37 38 1 15 1 38 23 10 9 9 5 55 25 1 16 64 65 21 7 10 65
39 12 18 13 13 8 0 42 11 30 5 43 4 2 48 1 1 17 42 29 1 1 22 12 17 12 9 13 13 1 20 3 2 5 1 9 12 13 1 4 1 39 5 15 3 9 9 8 1 11 8 16 8 36 8 1 1 13 11 13 11 66 1 18 13 2 1 1 3 2 21 39 25 19 17 19 3 3 46 1 1 8 5 2 2 20 41 16 17 45 1 16 20 2 1 1 28 18 42 25
9 7 16 30 28 3 37 0 15 10 25 19 22 2 3 39 16 8 42 18 32 15 18 32 31 7 18 38 7 42 22 3 30 4 15 26 31 28 33 4 19 10 6 19 4 24 9 3 1 15 8 21 10 14 3 31 2 29 49 28 12 1 18 4 28 12 50 18 4 17 5 19 13 9 4 16 4 16 2 1 16 3 30 18 3 11 19 33 45 6 44 32 10 28 32 2 10 4 39 1
43 1 1 8 9 25 12 21 0 4 21 55 19 11 31 7 1 13 49 4 8 1 19 8 13 1 25 7 10 16 34 13 8 17 1 24 7 6 16 4 11 41 1 12 19 24 25 24 17 11 4 13 3 29 25 31 16 10 7 9 10 27 7 15 9 8 7 3 19 2 34 18 28 16 13 1 19 12 1 27 12 23 9 26 12 3 53 13 4 36 17 13 3 7 47 17 3 15 19 27
1 4 4 5 6 7 9 18 4 0 19 38 16 8 26 7 24 10 47 1 26 9 16 25 10 4 21 6 7 13 52 11 6 13 10 22 24 6 13 1 8 1 4 9 16 22 22 21 15 5 10 10 21 35 22 56 2 6 26 6 7 34 8 12 6 25 26 13 16 6 48 16 33 13 10 11 16 5 4 36 8 21 6 23 6 14 39 10 10 4 13 10 29 6 66 14 30 11 16 41
24 4 12 3 8 6 4 8 12 26 0 5 20 1 4 4 2 19 15 12 22 11 5 3 5 11 1 2 8 13 19 1 3 18 29 1 3 3 42 46 11 16 9 5 19 1 5 6 47 18 19 42 36 8 6 4 39 8 21 3 7 47 14 12 3 3 23 14 20 9 19 5 9 18 20 11 13 30 11 48 19 7 2 1 12 45 5 54 14 3 18 19 13 3 40 40 43 12 6 50
27 5 5 14 14 8 12 6 5 47 9 0 24 10 32 12 12 18 28 58 14 12 1 12 17 5 10 13 15 21 38 18 14 20 12 9 12 13 21 24 16 29 4 1 25 10 1 9 22 12 9 18 9 61 2 42 10 13 12 13 3 45 11 18 13 13 12 21 24 13 26 1 32 8 18 19 24 16 5 44 12 9 14 10 17 21 1 17 17 5 20 17 29 13 66 22 49 20 24 44
7 12 19 4 4 3 10 20 30 24 8 50 0 3 10 6 10 1 7 2 10 11 2 5 16 38 8 4 5 9 1 10 4 1 19 3 44 4 9 19 41 7 6 8 16 8 14 3 20 18 1 2 2 30 10 21 9 4 6 4 10 20 31 16 4 13 5 9 16 5 16 50 28 1 1 19 17 15 30 21 31 10 5 3 12 33 48 16 1 38 9 15 1 4 10 10 2 4 8 21
6 4 22 18 55 1 20 13 21 6 1 10 7 0 19 19 2 7 6 24 17 4 9 16 20 22 1 16 2 1 8 39 18 8 4 1 16 18 1 25 4 6 15 10 4 1 10 1 35 4 8 8 23 54 1 19 1 2 18 18 2 58 20 14 2 17 17 24 15 12 14 10 2 7 9 21 15 4 6 36 4 42 17 1 4 8 10 30 7 5 12 13 6 16 20 1 24 35 10 2
32 10 55 6 6 35 9 47 32 14 24 25 40 8 0 7 8 2 35 15 17 9 26 17 2 18 37 5 6 2 39 1 6 2 9 21 17 3 35 15 8 34 8 8 22 36 14 37 47 8 2 1 1 29 1 65 34 7 17 6 7 29 8 21 6 18 16 23 21 6 20 27 29 2 20 3 22 9 11 28 8 1 6 35 9 2 27 2 2 11 29 21 1 6 48 51 1 3 25 29
48 2 3 11 11 26 1 23 2 3 23 48 21 13 33 0 2 15 51 6 1 2 22 10 15 2 2 10 12 18 37 16 10 19 2 26 2 8 1 6 13 50 3 13 22 27 28 26 19 13 6 15 5 30 26 1 18 12 1 11 11 30 1 16 11 2 1 5 21 4 34 20 31 19 15 2 21 14 2 30 14 26 11 2 2 5 49 15 5 41 17 15 5 9 1 1 5 16 21 30
35 22 8 2 2 17 1 15 1 35 14 34 12 4 24 1 0 6 33 23 2 1 11 1 6 1 18 2 3 9 27 6 2 9 1 19 1 2 9 13 4 36 4 5 12 19 19 18 10 1 6 6 17 21 18 32 10 2 1 2 3 31 1 7 2 1 1 9 12 2 29 11 21 9 6 8 11 5 38 33 1 18 2 20 5 9 33 6 6 40 9 6 24 2 71 10 24 8 12 20
11 19 3 15 16 10 18 10 3 11 33 8 1 9 63 25 17 0 53 11 10 17 3 26 11 26 31 26 16 5 1 12 27 1 4 32 25 15 10 10 16 11 3 7 36 30 8 10 45 17 1 1 6 77 10 82 9 15 25 15 12 48 5 34 10 27 26 5 33 27 33 8 72 1 1 3 7 17 3 45 16 10 27 32 18 24 7 1 1 18 36 1 1 27 10 9 22 3 7 60
1 4 26 16 23 10 17 23 25 4 2 1 5 2 19 16 3 11 0 26 15 2 19 15 12 25 1 15 7 27 6 40 16 3 3 2 16 16 33 38 3 1 24 19 3 2 10 10 34 2 12 46 1 22 20 18 33 7 15 16 6 61 26 4 7 15 16 9 14 16 11 1 7 2 11 25 13 3 4 59 2 20 16 9 2 45 19 12 28 4 30 11 11 16 38 39 44 24 1 7
9 6 29 26 25 9 28 20 29 1 10 9 1 11 31 11 13 14 10 0 19 27 9 44 21 44 10 51 26 11 1 21 50 14 22 11 43 24 12 1 26 9 6 9 30 11 9 12 65 27 9 15 21 34 10 51 10 25 41 25 11 37 26 30 20 42 4 11 29 18 71 9 36 8 14 29 30 27 6 34 28 19 33 12 28 1 9 22 14 5 11 22 1 51 19 19 1 29 9 50
43 13 18 14 14 8 1 45 11 30 5 42 5 2 53 1 1 17 42 29 0 1 23 11 16 12 9 12 14 1 20 3 3 5 2 9 11 14 1 4 1 40 5 16 3 9 9 8 2 11 8 17 9 35 8 1 1 13 12 13 11 67 1 18 13 2 1 2 3 3 22 41 26 20 18 19 3 3 46 2 1 8 6 1 2 21 41 17 18 49 1 17 21 3 1 1 26 19 39 23
33 21 1 2 3 9 1 9 1 25 19 7 17 4 6 5 1 6 31 25 29 0 7 2 7 1 9 2 3 15 32 9 2 13 1 8 1 2 14 18 1 33 4 7 17 49 7 9 15 1 11 11 9 3 8 6 10 4 28 2 3 50 1 12 3 4 2 15 17 2 33 7 49 14 11 1 17 1 21 48 1 8 4 10 1 15 7 11 14 5 14 12 24 2 42 9 24 13 7 47
4 13 34 9 9 3 11 3 31 4 24 1 28 3 33 20 11 25 44 4 3 11 0 19 5 20 25 20 10 3 28 6 20 27 7 24 19 8 3 4 11 4 5 1 29 25 1 3 37 10 5 5 4 64 1 37 3 9 19 9 5 38 10 39 3 20 20 33 30 19 26 1 61 15 6 31 29 11 13 37 11 3 21 26 11 17 1 5 54 13 35 5 16 19 3 3 16 44 1 37
9 9 18 16 53 21 44 25 17 10 7 3 11 21 20 17 8 11 10 29 1 8 3 0 13 17 58 1 24 42 11 19 1 12 9 8 1 15 39 21 8 10 8 3 8 55 3 19 41 8 12 12 19 53 5 41 31 6 1 6 6 6 34 13 6 1 1 18 13 1 13 3 5 11 12 18 20 8 10 6 8 19 16 8 8 12 3 13 12 10 6 12 13 1 42 20 28 21 4 6
25 11 13 4 10 8 5 9 13 36 3 6 21 12 5 5 12 19 16 14 24 12 6 4 0 12 28 3 10 14 20 1 4 18 2 7 4 4 27 40 12 17 11 6 1 26 6 8 45 20 1 1 38 10 8 5 26 10 24 4 8 36 14 13 4 3 22 15 1 10 1 6 10 20 1 12 1 44 12 36 19 8 3 29 1 31 6 1 14 4 18 1 14 4 61 62 32 13 6 34
11 1 1 29 31 4 66 2 1 11 26 21 25 5 4 33 1 10 61 18 34 16 21 32 3 0 19 32 9 53 25 4 31 3 1 27 1 30 66 6 22 11 1 20 5 28 11 4 48 16 3 3 11 15 4 33 47 28 33 31 13 15 18 5 31 1 31 19 5 19 3 21 15 3 3 16 6 17 1 15 17 4 33 20 5 13 20 3 39 1 67 3 12 31 66 5 12 5 69 30
33 4 20 4 15 24 19 31 27 33 1 34 3 1 23 16 2 3 34 10 23 3 34 27 11 29 0 15 17 1 3 21 16 3 19 1 28 15 23 34 18 34 17 18 37 1 34 24 8 18 3 11 24 42 23 45 23 16 27 15 16 49 2 9 16 28 29 1 39 15 41 35 41 3 4 20 9 2 31 8 3 24 15 1 18 12 33 11 11 28 1 3 4 16 24 22 34 10 34 45
4 30 10 1 68 27 73 48 10 4 20 13 17 20 14 2 10 4 39 12 50 10 13 1 28 6 12 0 8 26 18 11 1 17 10 19 59 1 43 27 14 5 36 3 10 20 13 4 59 10 18 16 4 8 27 57 28 23 70 1 6 8 11 54 1 6 1 12 51 1 54 14 8 17 30 10 11 10 34 8 10 26 1 12 10 5 13 29 28 36 42 28 5 1 50 47 5 11 40 22
17 2 3 14 67 27 62 9 3 18 28 7 10 28 3 15 2 10 7 4 14 2 7 13 4 2 27 13 0 5 9 39 13 10 23 5 13 13 28 42 3 7 43 7 11 27 7 18 35 10 10 31 17 1 28 2 28 64 14 14 1 22 4 3 10 2 14 5 11 14 9 6 1 10 10 3 4 24 2 21 9 39 2 28 3 19 7 32 5 2 9 10 4 13 67 42 18 3 6 70
52 13 19 13 14 8 12 5 12 27 5 31 3 1 38 12 11 17 52 31 12 1 3 13 17 13 10 13 14 0 21 3 13 4 11 9 12 13 1 4 16 50 6 16 3 9 9 8 1 2 9 16 8 36 8 23 1 14 11 13 11 34 12 3 5 13 13 1 3 13 21 3 25 21 18 19 3 2 35 33 12 8 5 10 2 20 32 17 18 36 1 17 22 13 24 1 41 20 3 34
7 11 20 4 4 3 23 49 20 14 9 34 1 3 10 6 10 1 7 2 10 11 3 5 31 21 8 4 4 9 0 10 4 1 23 3 25 4 9 15 23 7 5 7 23 9 24 3 51 22 1 2 2 41 10 47 9 4 5 4 9 40 24 30 4 24 5 9 33 4 30 37 38 1 1 23 22 23 20 37 22 10 5 3 23 14 35 14 1 19 9 29 1 4 10 10 2 3 7 40
7 3 12 27 25 28 68 5 13 7 23 15 20 22 17 40 13 6 38 13 54 12 16 39 31 4 15 40 4 33 20 0 40 6 12 22 49 25 34 2 16 7 3 16 1 22 7 7 35 13 6 19 7 11 28 51 30 26 42 24 8 11 15 1 25 8 39 14 1 14 2 15 10 6 2 13 1 13 3 11 13 28 39 15 1 7 16 30 33 3 35 30 7 40 67 30 7 1 37 24
16 8 42 1 6 30 9 6 34 17 14 4 18 7 9 8 15 4 3 38 22 15 3 1 10 35 31 1 6 23 17 25 0 6 15 11 7 1 23 27 6 16 8 4 15 32 3 31 25 14 19 20 30 46 5 8 23 6 35 6 12 6 23 19 6 8 1 25 19 1 19 3 12 19 20 43 26 15 17 6 15 30 7 15 15 20 4 19 18 7 6 19 19 1 22 22 38 37 3 6
8 30 14 4 25 48 18 73 14 8 35 17 1 29 18 6 14 1 46 15 5 14 18 4 21 10 17 4 12 44 1 15 4 0 14 33 4 4 33 35 17 8 28 7 2 43 17 8 42 15 1 20 8 12 38 29 42 27 4 5 10 12 15 32 5 4 4 15 2 4 1 17 11 1 1 14 2 14 29 12 14 49 4 16 13 9 16 21 21 30 41 1 1 4 30 48 8 14 38 41
32 20 1 2 3 8 5 10 1 25 18 7 17 4 6 5 1 6 32 25 28 1 6 2 6 1 9 2 3 14 33 8 2 13 0 8 1 2 13 19 40 33 4 7 16 48 7 8 14 1 11 11 9 3 8 5 9 3 28 2 3 50 1 12 2 4 2 14 16 2 34 7 48 14 11 1 15 15 20 50 1 8 4 9 16 14 7 11 13 4 13 11 22 2 44 9 23 12 7 50
44 4 19 4 14 29 16 27 38 10 1 33 3 1 62 13 2 3 31 9 4 13 5 3 17 14 1 13 16 22 46 19 13 3 13 0 3 12 21 10 17 32 6 17 25 1 10 29 22 17 3 3 30 33 30 39 22 14 3 14 16 33 14 19 15 13 2 21 24 13 55 23 35 3 3 19 23 3 6 33 16 30 15 1 17 3 33 3 3 6 22 3 9 13 72 21 9 20 23 36
4 11 21 33 32 7 24 13 19 14 41 24 6 8 7 6 1 6 4 23 1 20 24 1 6 1 23 34 11 38 6 7 33 5 1 38 0 34 41 9 25 4 10 24 8 44 15 8 48 6 6 5 14 19 8 35 40 33 1 13 6 19 22 8 32 1 1 3 9 22 6 23 18 5 6 19 9 19 11 19 20 7 33 23 8 16 23 6 6 11 40 5 6 31 42 8 15 9 4 45
3 24 8 1 1 14 22 16 8 15 37 12 6 2 35 2 24 5 51 16 14 23 8 1 17 33 36 1 1 10 5 16 1 5 9 36 32 0 14 16 22 16 2 3 39 35 12 15 62 21 5 5 11 65 15 53 14 1 2 1 17 63 9 40 1 33 1 10 42 1 40 12 56 5 6 8 12 22 9 64 22 15 1 36 23 28 12 6 6 25 54 5 6 1 15 15 29 8 12 56
23 34 2 3 4 10 2 12 2 29 24 8 3 1 7 7 1 8 23 29 1 1 8 3 8 2 11 3 4 1 15 11 3 4 2 10 2 3 0 29 2 43 6 8 22 53 8 9 65 1 12 12 10 4 10 7 1 5 61 4 5 58 2 14 4 6 3 1 16 3 16 8 19 15 12 2 21 2 35 55 1 10 6 11 2 16 8 13 15 6 1 12 16 3 1 1 28 13 8 57
1 23 7 12 50 4 16 60 14 1 18 38 6 3 4 14 14 8 1 1 3 4 11 62 6 14 4 12 28 3 9 4 13 7 7 19 66 12 3 0 16 1 14 15 16 18 36 4 57 16 6 6 17 51 4 61 2 29 64 12 5 50 8 7 12 50 61 16 9 16 9 36 30 8 6 7 16 15 14 51 15 4 12 4 16 8 37 6 8 64 3 6 9 12 3 3 33 7 18 29
22 17 3 17 18 13 1 10 17 22 9 22 8 6 21 17 15 5 22 58 17 1 8 17 2 18 14 18 19 5 52 2 17 5 1 15 17 18 5 9 0 22 10 21 8 14 14 13 6 1 2 2 13 77 13 19 5 18 17 17 17 20 1 3 10 18 17 5 8 19 34 7 20 5 2 3 7 1 28 19 1 13 11 14 1 5 22 2 2 27 5 2 46 18 30 6 57 3 7 20
1 5 17 7 29 56 21 4 17 1 38 1 4 30 23 9 18 4 1 19 8 18 1 7 23 14 20 7 15 45 4 18 7 3 17 36 7 7 35 1 3 0 32 10 5 44 21 11 47 3 4 23 11 16 43 33 2 29 8 8 14 15 18 4 4 7 7 20 5 7 4 1 15 2 4 17 5 17 33 15 3 54 8 20 17 12 19 24 25 33 3 4 5 8 36 71 12 18 1 43
24 1 1 8 9 4 8 2 1 45 5 23 19 5 44 8 7 13 22 34 9 8 20 8 13 1 5 9 10 16 38 13 9 16 8 5 7 9 16 20 12 23 0 12 20 5 5 4 18 7 4 13 4 51 4 43 6 9 8 9 7 44 8 15 9 9 8 17 20 9 21 18 41 3 13 14 19 12 1 41 7 4 9 6 12 17 25 13 13 1 16 13 33 9 55 16 33 15 19 41
22 6 7 4 3 2 53 3 7 22 31 1 14 5 7 18 6 13 10 7 17 6 1 17 8 6 30 17 4 9 13 44 4 13 28 9 17 4 32 47 5 11 5 0 16 30 1 2 40 13 14 34 21 4 2 5 31 3 17 3 3 24 8 7 3 6 17 9 15 4 14 1 4 13 13 7 8 28 6 26 13 2 6 31 7 22 1 35 8 5 12 13 8 4 57 45 21 7 1 51
26 5 13 4 11 9 6 10 13 28 2 7 21 2 6 6 4 20 18 14 23 12 7 4 7 12 2 4 10 15 21 1 4 20 30 2 4 5 41 3 12 18 11 7 0 2 7 9 50 1 21 46 37 10 8 6 40 10 23 5 9 50 15 14 5 5 24 2 1 10 20 7 11 20 21 13 1 1 12 49 20 8 3 3 1 43 7 57 15 4 20 21 14 4 42 41 46 1 7 51
33 4 19 4 11 16 13 18 28 5 1 14 3 1 13 12 2 4 32 5 32 12 6 10 14 29 1 10 10 21 3 17 9 3 19 1 12 4 21 5 44 34 12 14 25 0 14 17 22 23 5 5 2 10 15 13 17 11 31 10 10 48 21 19 10 11 9 21 25 9 35 14 50 4 19 19 23 2 28 48 68 16 11 1 23 4 14 5 4 12 22 19 2 10 42 16 2 4 15 54
36 6 7 4 9 2 11 7 5 32 21 1 20 2 52 9 5 12 37 36 28 11 1 6 8 5 1 8 9 16 37 13 9 16 6 1 5 9 16 20 7 35 4 1 3 1 0 2 16 8 12 12 23 47 2 28 15 9 5 8 3 47 12 4 8 5 26 16 4 9 53 1 32 9 13 14 17 8 5 49 11 23 5 25 8 16 1 13 12 6 16 13 36 8 28 15 39 4 1 48
7 5 24 19 68 1 21 14 21 7 2 11 8 1 1 21 3 9 7 26 1 5 10 18 21 22 2 19 3 2 9 1 18 9 5 2 19 19 2 25 5 8 16 11 6 2 11 0 37 5 9 9 24 63 1 21 1 3 18 18 3 65 20 16 3 19 18 25 16 13 16 11 3 9 10 22 16 5 7 36 5 1 19 1 5 9 11 32 9 7 14 15 7 18 22 1 26 35 11 3
19 12 40 36 35 7 38 1 40 11 2 19 11 8 6 23 23 8 19 10 31 5 20 45 10 46 2 42 3 1 12 6 45 4 34 2 42 37 22 7 37 20 16 21 6 2 20 7 0 5 10 7 31 69 7 43 8 3 46 37 3 1 39 3 31 43 14 1 31 15 64 20 3 10 10 8 3 2 2 1 36 7 42 2 6 9 20 11 10 16 1 10 7 44 30 31 6 9 20 3
2 2 22 13 20 8 15 20 24 2 6 16 3 6 16 14 1 9 2 25 14 1 17 13 9 22 7 13 5 24 4 34 13 9 1 6 14 14 38 40 1 2 20 17 1 6 7 7 69 0 9 57 29 20 17 15 28 4 14 14 4 28 25 23 5 12 12 7 11 13 9 17 5 4 9 23 11 1 2 30 1 18 14 7 1 50 16 10 25 2 28 9 8 13 35 37 49 24 18 4
8 14 20 5 5 4 12 21 32 24 10 44 1 5 10 7 11 1 8 3 11 13 3 6 1 35 9 5 6 10 1 11 5 1 21 4 38 5 10 20 34 9 7 9 18 10 16 4 21 20 0 1 3 31 11 22 10 5 6 5 10 22 33 17 5 13 6 10 17 5 17 42 30 1 1 20 18 16 32 21 32 11 6 4 14 1 41 1 1 35 10 16 3 5 11 11 1 5 8 22
42 24 15 7 6 12 9 13 25 28 22 10 1 8 10 9 32 1 57 27 32 8 3 6 1 24 13 6 6 18 1 12 5 18 15 12 8 5 18 22 32 41 8 10 21 59 10 11 17 20 1 0 12 7 11 9 13 7 32 6 6 43 16 16 6 7 6 18 20 5 51 10 45 1 15 16 21 20 23 44 32 11 7 13 19 1 10 1 1 8 18 14 1 5 33 13 1 15 10 45
37 4 4 13 30 1 16 6 4 70 22 10 21 12 19 16 16 8 35 69 17 16 10 15 17 4 11 17 19 20 26 19 17 20 15 2 15 18 23 20 17 1 4 10 13 10 10 1 49 20 8 9 0 30 1 17 19 17 15 17 12 74 16 7 17 4 15 23 13 17 26 10 18 7 27 21 7 33 4 49 32 1 15 19 33 26 9 9 9 4 23 25 1 16 49 50 64 7 10 30
14 9 21 11 1 38 26 6 21 15 49 4 8 34 26 12 22 7 4 4 12 21 4 10 27 17 24 10 1 44 7 23 11 7 21 59 11 11 45 47 6 5 33 4 9 64 4 14 45 6 7 27 15 0 39 69 37 35 11 11 16 18 22 8 7 10 11 22 9 11 7 4 1 7 7 21 8 20 50 20 7 38 11 23 20 15 4 26 28 49 6 7 8 10 70 39 15 22 4 77
37 13 4 20 20 1 24 11 12 15 11 45 8 1 1 19 19 5 38 16 21 7 8 19 3 12 1 19 22 6 40 1 19 6 4 30 20 18 6 10 22 37 11 24 9 30 15 1 7 8 3 3 1 56 0 62 1 22 19 22 2 59 5 4 11 20 20 6 9 19 34 9 29 5 3 4 8 7 13 59 23 1 12 1 8 6 42 3 5 12 6 3 15 19 46 1 15 4 9 56
51 3 3 11 12 28 1 24 3 2 23 49 22 14 35 1 3 16 51 6 1 3 22 10 15 2 2 11 12 19 36 16 10 18 2 28 3 9 1 7 14 50 3 13 21 27 27 26 20 13 6 16 6 32 28 0 2 12 1 12 12 30 1 17 12 3 1 5 21 4 36 22 1 18 16 3 21 15 3 31 13 27 11 2 3 6 51 15 6 41 19 15 5 10 1 1 6 2 22 30
14 21 4 10 55 1 13 53 11 33 17 34 3 1 1 11 12 6 16 31 1 1 8 51 3 11 1 10 26 1 6 1 10 4 4 17 48 10 1 31 12 15 11 13 13 17 34 1 55 13 3 3 14 53 1 61 0 27 46 9 2 55 6 4 10 51 50 14 7 14 6 35 25 6 3 4 13 13 12 53 12 1 10 1 12 6 34 3 6 49 1 3 7 9 1 1 29 4 15 26
17 8 38 44 45 5 50 26 36 8 5 17 8 5 3 19 21 5 18 8 28 2 17 41 7 36 5 42 1 4 9 3 42 5 30 2 43 1 19 5 2 18 13 17 4 5 17 4 41 2 8 4 29 33 4 35 5 0 43 1 1 52 38 29 1 36 12 18 31 12 31 17 1 7 7 5 30 32 14 39 41 4 31 5 4 7 16 7 7 13 18 7 4 39 26 28 4 6 18 1
4 11 20 34 32 8 25 13 22 16 42 23 7 8 8 1 1 6 4 23 1 21 23 1 6 1 22 32 12 41 6 8 33 6 1 39 1 31 43 9 24 5 11 24 9 43 14 8 58 6 6 6 15 19 8 37 39 34 0 14 7 19 22 9 32 1 1 3 9 23 7 25 18 6 7 20 9 20 11 19 21 8 34 23 8 15 23 6 6 11 40 6 7 1 39 8 16 9 4 45
34 17 9 1 1 5 2 6 19 22 16 4 14 2 3 2 25 11 49 20 26 12 4 1 4 17 6 1 1 11 44 6 1 10 10 5 1 1 10 16 27 34 2 4 14 49 4 5 11 13 8 8 5 40 5 2 6 1 25 0 6 40 10 9 1 1 24 12 14 24 42 4 39 11 8 10 14 12 17 38 24 5 1 6 14 11 4 8 11 1 11 8 19 1 25 6 21 10 4 39
4 4 18 30 44 11 23 11 18 4 2 8 5 11 12 23 3 6 4 20 11 2 8 26 30 26 20 28 1 11 6 20 38 6 3 2 24 42 11 33 2 4 13 8 3 35 8 11 60 2 6 6 12 15 10 24 11 1 24 34 0 15 20 33 1 25 23 20 30 10 30 8 1 6 6 18 19 2 4 17 2 12 30 3 2 6 8 31 6 4 55 31 4 45 11 11 41 18 8 1
37 15 4 15 25 10 47 1 28 22 5 36 9 7 10 25 14 12 35 11 7 5 18 15 37 2 12 8 8 6 41 3 7 4 26 12 15 8 6 4 9 12 18 30 3 13 14 9 1 4 12 15 10 67 11 56 6 8 15 8 8 0 26 4 8 1 8 6 4 7 39 35 1 15 16 4 4 4 2 1 47 10 6 9 4 16 33 15 16 19 6 15 11 8 7 7 22 4 33 1
14 13 32 27 50 9 1 22 31 16 5 20 4 3 28 1 1 17 15 35 1 1 18 27 31 46 10 26 11 1 17 3 3 5 1 9 27 27 1 5 1 16 6 20 3 9 9 8 2 14 8 15 8 48 8 1 2 11 26 27 11 50 0 25 11 2 1 2 3 3 22 18 11 17 18 31 3 3 16 2 1 8 5 2 2 17 19 29 17 15 1 24 15 3 1 1 37 31 19 11
10 10 17 16 56 20 30 36 17 11 8 4 12 21 21 18 9 12 10 35 31 9 4 30 13 18 26 16 3 41 12 21 16 12 9 8 29 16 46 21 8 11 18 4 9 28 4 22 49 8 12 12 20 57 6 42 28 6 28 6 6 6 28 0 7 30 31 20 1 17 1 4 6 12 1 17 1 9 10 6 8 20 16 8 9 12 4 13 12 9 6 12 14 16 42 20 33 1 4 7
4 23 8 1 1 15 20 14 8 15 19 13 6 2 27 2 19 5 43 16 16 19 8 1 16 20 27 1 1 10 6 17 1 6 8 28 20 1 15 16 2 16 2 4 18 28 12 15 65 18 5 6 11 50 15 47 15 1 2 1 17 49 10 19 0 33 1 10 18 1 29 12 47 5 6 8 13 18 8 50 19 15 1 27 19 37 13 6 6 22 47 6 6 1 15 15 35 9 12 46
29 1 61 6 12 10 8 12 1 19 5 9 19 13 2 7 1 18 29 15 3 1 8 1 2 1 34 6 12 32 18 3 6 19 1 9 1 7 3 20 2 29 13 9 3 33 9 10 67 45 3 3 17 12 10 7 15 12 38 6 11 46 1 62 7 0 14 43 3 12 3 9 13 17 3 61 4 43 1 48 46 10 1 32 4 19 9 2 18 1 30 3 16 6 2 31 17 16 9 14
38 22 8 2 2 18 5 15 32 43 15 61 12 4 25 1 1 6 37 23 1 1 12 1 6 1 19 1 3 9 27 6 1 9 1 18 1 2 9 14 4 57 4 5 13 19 19 17 10 4 6 6 17 21 17 38 9 2 1 2 3 66 1 8 2 1 0 9 13 1 26 12 20 9 6 7 12 5 31 67 4 17 2 19 5 9 61 6 6 34 9 6 23 1 42 10 25 7 12 21
36 18 24 19 19 14 17 36 17 5 4 5 29 14 27 17 17 22 35 5 18 16 6 18 22 17 15 19 19 1 30 8 19 26 17 15 17 19 1 5 21 35 10 5 2 14 5 13 1 16 13 21 14 52 7 34 15 18 17 18 7 36 16 2 19 18 17 0 2 19 30 5 37 24 22 24 2 2 41 36 17 13 11 16 2 26 5 21 22 40 1 22 29 18 27 25 45 2 38 36
25 11 13 4 9 7 5 9 13 53 2 6 20 11 5 4 12 19 16 13 23 11 6 3 1 11 28 3 9 14 19 1 4 19 33 7 4 4 28 3 12 17 11 6 1 26 6 7 34 19 20 30 63 10 8 5 27 9 24 4 8 67 15 1 4 3 23 15 0 10 1 6 10 19 1 12 1 37 11 35 20 8 3 28 1 32 6 31 14 3 19 1 13 4 42 42 31 1 6 66
36 19 10 1 1 6 4 7 19 22 18 5 16 3 4 3 27 4 52 21 28 3 5 1 5 18 8 1 1 12 47 7 1 11 11 6 2 1 12 16 28 34 3 5 16 58 5 6 13 14 9 9 7 1 6 4 7 2 26 1 1 38 12 10 1 2 1 12 16 0 43 5 40 12 9 10 15 14 18 41 28 6 2 7 15 12 5 9 12 3 11 9 22 1 26 7 22 10 5 40
27 12 12 4 9 8 5 10 13 47 3 6 21 11 5 5 13 19 16 14 25 12 6 4 1 12 28 4 10 14 19 1 4 1 32 7 4 4 29 40 12 17 11 6 1 26 6 8 35 20 20 32 59 10 8 5 27 10 24 3 9 73 14 1 5 4 24 15 1 10 0 6 10 20 1 13 1 37 12 35 19 8 3 29 2 31 6 31 15 4 19 1 14 4 50 50 30 13 7 69
46 5 22 17 16 11 15 3 15 31 9 1 7 4 2 15 15 21 1 33 17 5 1 16 21 16 12 15 17 3 25 2 16 4 14 13 15 17 3 4 19 45 9 1 6 12 1 12 4 6 11 19 12 58 1 28 3 16 15 17 15 55 14 7 3 15 15 4 7 17 24 0 28 23 21 23 6 5 39 59 14 12 9 13 6 24 1 20 22 41 3 21 24 17 27 4 45 21 1 58
6 11 11 20 20 35 9 30 10 11 6 69 30 21 8 8 11 23 6 4 9 4 29 17 23 10 10 18 1 26 55 4 18 26 10 36 11 17 9 15 4 42 11 21 4 34 37 34 26 4 15 23 13 1 35 9 26 19 9 20 1 1 9 24 20 11 9 5 4 12 64 29 0 7 25 11 4 3 11 1 3 36 19 10 3 14 67 23 14 45 27 23 4 18 9 9 13 25 30 37
9 6 15 27 26 2 19 8 15 9 34 17 1 2 2 30 15 1 33 17 35 15 19 27 1 6 17 28 6 33 1 2 27 1 15 34 28 27 34 4 20 9 6 18 3 35 9 2 34 15 1 1 9 13 2 29 34 28 57 8 11 13 17 4 27 3 26 17 3 17 1 18 13 0 1 16 4 16 6 14 15 2 28 18 3 10 17 1 1 5 36 1 1 28 35 3 10 3 30 55
14 12 5 3 66 8 57 12 5 14 38 33 23 8 8 5 6 14 60 23 27 6 33 58 1 5 35 3 12 26 23 8 4 1 5 37 56 4 26 9 45 14 5 6 9 36 14 8 40 6 13 29 8 18 8 24 27 41 25 3 17 18 46 1 4 16 26 7 1 7 1 30 17 14 0 5 9 37 5 19 6 7 3 44 8 16 31 1 30 11 26 1 8 4 27 8 15 9 32 58
3 8 1 18 19 6 21 13 1 15 4 10 8 5 45 6 1 8 3 15 14 1 10 30 15 31 5 30 19 2 8 15 28 9 1 5 30 18 5 15 1 4 14 10 1 5 10 6 66 1 8 9 3 59 6 63 5 19 30 18 6 66 2 58 14 30 30 2 37 2 38 10 59 5 9 0 1 1 23 66 1 13 31 6 1 9 11 15 2 22 5 15 3 31 14 13 27 1 4 63
35 16 21 16 16 11 15 29 15 3 2 3 28 12 32 15 14 20 27 3 17 15 3 14 19 16 12 15 17 24 50 6 16 23 14 13 14 16 22 2 18 38 8 3 1 12 3 12 25 15 11 21 11 71 5 51 13 17 14 15 6 28 15 1 16 16 15 2 1 16 33 4 40 23 21 21 0 1 32 28 14 11 8 13 1 23 3 19 20 43 23 21 39 17 33 23 57 1 27 28
17 15 23 10 34 7 26 17 25 17 6 42 4 6 1 26 1 3 43 25 27 1 46 37 9 15 6 29 16 26 3 11 27 3 1 6 37 29 27 12 1 18 14 36 1 6 8 7 28 1 4 3 19 22 11 27 27 29 54 17 19 21 25 12 29 12 27 2 12 26 9 44 22 3 9 23 1 0 15 23 1 11 33 6 1 18 43 9 25 14 26 9 4 29 26 11 19 12 44 36
44 1 1 3 3 4 6 2 1 28 15 62 13 5 25 4 22 7 45 27 22 5 13 23 7 1 20 3 3 10 28 7 3 10 6 18 23 3 10 15 5 45 1 5 13 19 19 18 11 2 7 6 18 33 18 37 10 3 23 3 4 55 6 8 3 1 22 10 14 3 47 13 34 3 8 8 12 2 0 53 6 18 3 20 2 11 65 7 7 1 10 7 25 3 47 11 30 8 12 34
16 10 22 20 20 6 10 1 10 36 7 16 14 7 23 9 1 31 17 24 10 9 18 35 23 22 7 35 20 11 31 13 12 4 9 7 1 19 10 14 10 16 3 18 12 7 8 6 1 9 6 44 6 20 6 10 7 20 1 20 9 1 9 14 20 11 2 11 13 11 14 17 1 18 14 24 13 12 2 0 9 6 15 7 11 39 16 44 24 23 11 31 26 11 10 10 37 13 17 1
19 2 48 11 11 30 1 39 17 5 15 17 33 12 42 9 1 15 18 5 10 1 17 9 14 10 17 9 11 30 35 13 9 21 1 17 9 7 33 6 1 17 2 13 13 18 6 31 40 1 5 2 31 50 19 64 20 10 9 10 11 39 1 23 11 9 8 15 14 9 23 17 46 5 22 16 14 1 2 38 0 30 10 32 1 6 18 16 24 2 21 16 6 9 31 30 5 15 19 11
48 7 8 16 16 1 18 8 7 11 5 38 5 3 1 14 15 20 48 11 2 3 25 14 20 7 46 15 16 2 24 1 3 6 7 32 14 13 2 5 19 49 6 19 1 46 10 1 2 18 8 20 1 32 1 26 2 17 13 16 17 39 14 21 16 14 14 2 1 3 22 38 29 10 21 7 1 3 6 2 18 0 6 28 4 10 36 20 11 7 2 20 9 3 2 3 11 21 38 31
24 9 10 1 7 5 2 6 10 52 25 3 17 8 2 2 9 16 14 10 20 9 3 1 2 9 24 1 7 11 17 38 1 16 28 4 1 1 23 38 8 14 8 3 19 25 3 5 33 17 16 29 42 7 5 2 24 7 21 1 6 66 11 10 1 1 20 12 18 7 17 4 7 16 18 10 10 34 9 34 16 5 0 25 10 29 3 27 12 1 16 17 11 1 69 38 27 10 4 69
10 20 17 6 37 1 51 23 16 11 19 26 3 1 27 8 16 2 24 19 7 16 48 6 2 12 1 6 14 51 3 18 6 2 16 1 6 7 51 20 26 11 20 10 4 1 1 1 63 17 3 34 10 15 25 42 27 39 6 7 12 14 17 19 7 5 6 18 4 6 2 24 14 2 2 16 4 17 21 14 16 26 7 0 16 11 67 3 45 20 52 2 4 6 54 51 11 17 25 23
3 7 8 16 16 32 5 29 7 8 2 50 25 18 4 5 7 21 3 11 5 1 27 14 20 7 7 15 17 24 40 1 14 24 7 34 8 14 6 11 1 65 8 20 1 32 31 33 24 1 11 20 11 35 33 5 24 17 5 16 17 36 6 21 17 8 6 2 1 9 42 25 34 5 21 8 1 1 7 35 1 31 17 7 0 10 51 19 11 43 22 19 10 15 6 6 11 23 25 34
1 11 19 11 16 14 5 4 19 6 22 7 30 17 7 4 19 32 6 1 26 19 7 10 13 19 28 11 17 20 53 28 11 8 31 14 10 11 25 24 18 1 18 7 22 30 7 15 32 6 1 1 33 17 14 4 5 4 46 12 4 4 20 20 10 11 45 22 22 17 64 7 5 40 30 19 20 20 19 4 30 14 11 26 20 0 7 29 1 10 8 29 20 11 25 26 1 7 7 4
11 20 4 16 17 11 18 11 4 11 34 1 37 10 42 26 19 33 49 12 10 4 1 27 12 27 31 28 2 11 33 13 28 35 4 31 27 17 10 11 18 11 4 1 36 31 1 11 43 18 13 13 7 72 2 45 11 17 28 16 3 43 17 46 11 28 26 6 38 27 33 1 69 24 13 4 8 18 20 42 18 11 28 33 18 24 0 13 57 20 41 13 6 26 11 10 23 49 8 46
22 26 37 7 7 12 9 13 27 22 42 11 1 8 9 9 36 1 23 37 20 9 3 6 1 27 14 6 6 57 2 13 6 16 2 12 8 6 56 40 26 23 8 11 18 13 10 13 42 26 1 1 12 7 12 9 12 7 19 6 7 21 40 26 7 8 6 29 18 5 15 10 22 1 1 36 18 27 28 21 39 12 8 13 29 1 11 0 1 8 24 1 1 6 67 13 1 22 11 21
17 16 27 24 62 44 26 55 27 17 15 11 1 47 27 25 16 1 17 7 25 16 3 22 1 27 26 22 10 5 19 39 24 19 2 16 23 3 24 31 16 17 27 10 16 48 10 46 4 15 1 1 29 63 12 25 43 13 24 13 13 13 26 7 14 23 22 4 7 5 8 11 13 1 7 2 6 6 17 4 15 40 25 15 16 1 10 1 0 16 5 1 1 24 25 26 1 3 10 13
14 1 21 1 30 24 28 2 19 14 5 8 15 25 3 2 13 16 14 18 29 13 8 30 3 1 25 1 7 35 16 4 28 16 4 4 21 29 37 6 12 15 1 3 3 26 8 25 40 13 3 3 23 31 10 41 27 11 29 6 11 10 26 4 11 1 20 6 3 19 3 9 10 3 3 20 4 4 1 10 12 24 1 13 4 17 8 3 16 0 11 3 17 30 36 37 17 4 8 11
32 13 19 15 15 9 13 53 12 28 6 1 3 11 54 13 13 19 32 31 14 1 1 13 19 13 11 14 14 1 23 4 14 4 12 10 13 15 1 6 17 31 6 1 4 11 1 10 63 13 10 18 9 42 3 1 1 14 12 15 4 66 13 20 14 13 13 1 5 15 22 2 2 22 18 20 4 2 54 68 12 9 7 11 4 22 1 18 18 55 0 17 22 14 25 27 36 20 59 44
21 8 16 8 14 12 9 6 17 19 20 4 25 16 9 9 4 1 4 17 24 16 4 8 1 3 23 8 14 18 50 24 8 1 26 11 8 8 23 20 15 20 15 4 17 29 4 12 30 26 25 25 30 14 12 9 22 13 44 4 13 67 18 18 7 3 42 19 17 13 1 4 14 1 1 17 18 18 17 71 28 12 7 25 18 40 4 1 18 8 6 0 17 8 23 24 40 17 4 65
6 28 11 2 2 2 24 18 10 19 41 15 8 2 31 5 26 7 50 1 18 25 10 4 19 28 54 3 3 12 8 19 3 8 10 2 43 2 17 18 23 18 4 6 37 41 15 2 71 25 7 1 1 37 18 46 17 3 4 3 19 37 11 38 2 43 4 12 37 3 39 15 36 7 8 10 14 26 10 37 24 18 3 2 24 54 14 8 8 27 46 8 0 3 17 17 1 2 15 69
2 23 7 1 19 14 21 14 7 15 35 12 5 14 33 30 22 4 61 15 14 21 6 1 16 30 51 1 21 9 5 16 1 4 7 34 31 1 14 15 21 15 7 12 35 39 12 14 50 21 5 4 10 38 14 39 14 18 1 1 15 48 9 33 1 31 1 9 33 1 34 12 38 4 5 7 11 21 8 49 22 14 32 39 22 28 12 5 4 23 52 4 5 0 13 13 27 7 11 38
32 2 65 8 14 11 1 13 2 22 7 11 19 15 4 1 2 20 30 18 1 3 11 2 4 2 32 8 13 31 20 5 8 19 3 11 2 9 1 21 3 29 15 10 2 34 10 12 78 2 4 4 18 15 11 9 1 13 41 8 12 52 1 60 8 2 16 44 5 14 5 10 14 20 4 64 5 2 2 50 47 12 2 2 1 20 10 4 20 2 34 4 18 8 0 1 19 18 11 17
9 8 13 6 6 28 1 5 13 21 20 3 12 1 36 8 30 11 3 21 1 33 3 7 34 32 29 6 6 1 12 25 7 5 14 31 32 6 1 20 5 57 7 3 18 30 3 30 17 32 11 11 16 40 4 43 1 6 7 6 23 5 15 2 5 33 7 16 18 7 36 3 39 11 12 14 17 17 14 5 32 29 7 30 19 48 3 12 11 33 5 11 11 6 1 0 47 2 3 6
26 2 3 12 12 7 11 5 2 43 8 27 22 8 32 11 2 17 25 1 12 2 22 11 15 2 8 12 12 19 41 16 12 1 2 8 2 12 20 23 14 27 3 14 22 8 8 7 21 11 1 1 5 65 7 47 8 13 10 12 10 48 10 17 13 2 4 5 23 4 25 23 33 1 16 3 23 15 2 47 10 8 12 9 15 1 27 16 1 3 19 1 1 12 58 20 0 18 23 47
40 17 1 16 16 12 15 28 14 3 3 4 26 12 30 16 15 22 27 3 16 15 4 15 20 16 12 17 3 24 44 6 17 24 15 12 14 17 25 3 19 41 8 4 1 13 4 12 26 15 12 21 12 61 5 33 13 17 15 17 6 30 2 1 17 16 15 2 1 17 44 4 36 23 21 1 1 1 30 28 16 12 9 13 1 25 4 20 21 38 23 20 39 17 33 24 45 0 27 30
8 5 15 28 78 8 52 3 6 9 23 1 23 25 18 47 15 21 1 15 51 14 1 59 34 5 18 57 13 32 21 15 59 3 14 23 59 61 44 32 3 1 5 1 6 23 1 8 64 2 21 21 8 13 8 58 33 27 60 61 11 6 16 4 3 5 38 7 54 15 69 1 12 8 34 14 6 6 5 6 14 8 60 8 6 10 1 35 34 5 3 33 9 56 54 55 9 15 0 6
13 33 19 9 30 61 24 1 19 3 38 21 6 32 3 1 19 5 51 21 10 19 22 8 24 15 22 9 16 5 6 3 9 5 19 2 9 9 38 5 23 13 32 12 7 45 21 13 1 19 5 25 3 17 4 1 45 32 8 10 1 1 20 38 10 9 8 20 7 9 5 23 16 5 5 18 7 19 33 1 20 4 10 21 19 14 21 26 24 35 44 5 3 9 36 65 14 5 41 0
0 3 10 5 17 37 13 2 10 1 22 1 3 18 13 6 11 2 1 11 5 10 1 5 14 8 12 5 9 26 3 10 5 2 10 20 5 5 20 1 2 1 18 7 3 26 11 7 27 2 3 13 7 9 23 18 1 18 5 5 2 9 11 2 3 5 5 12 3 5 2 1 9 1 3 10 3 11 19 9 2 29 5 11 10 7 12 14 14 19 2 2 3 5 20 40 8 11 1 26
2 0 20 6 6 15 6 1 1 3 15 3 16 14 19 12 7 15 2 3 12 7 29 12 4 1 14 12 6 23 17 4 12 4 5 15 12 5 22 3 4 2 1 14 1 15 10 2 22 3 4 4 3 31 25 23 4 6 11 6 4 1 7 4 6 1 11 2 17 11 17 2 33 2 4 20 1 1 1 1 7 24 13 15 1 10 28 4 27 1 21 4 10 11 31 30 10 26 2 1
5 17 0 3 3 2 16 11 1 19 12 21 6 2 18 4 14 6 24 2 16 1 7 4 18 16 14 3 3 9 6 11 3 6 1 2 15 3 9 11 16 25 1 5 10 14 15 2 9 10 6 2 2 33 13 34 9 3 4 3 16 23 1 8 3 15 3 1 10 3 18 11 21 6 7 1 10 10 8 21 15 13 3 2 11 9 20 6 6 15 9 6 1 3 34 9 2 1 11 22
10 5 21 0 1 2 20 16 21 5 3 9 4 3 2 11 11 3 10 4 16 20 10 23 4 25 3 1 19 3 5 2 1 3 18 3 23 1 11 2 18 9 7 10 2 3 9 2 35 19 4 2 16 33 2 23 3 18 24 1 4 32 19 21 1 23 6 11 16 7 37 10 32 4 4 3 21 19 7 34 20 2 1 3 2 4 10 4 4 7 11 4 2 1 15 14 2 3 10 33
10 1 13 1 0 16 17 2 13 10 4 6 10 1 3 2 8 11 10 12 18 8 6 17 3 1 15 2 5 22 10 3 18 11 4 3 1 1 22 5 9 10 1 3 3 16 6 15 25 8 3 3 14 1 6 18 16 7 18 1 8 7 17 4 1 1 13 5 3 12 3 6 8 3 3 13 3 4 1 7 9 16 1 9 3 11 6 3 11 1 8 3 11 19 22 21 11 3 6 8
19 2 2 7 42 0 9 3 2 13 28 5 12 1 11 9 9 5 34 13 9 8 6 8 9 2 6 9 10 12 12 11 9 12 8 1 8 9 31 11 9 1 2 5 7 6 5 1 33 11 5 5 1 20 1 9 10 9 8 9 7 21 9 4 10 2 8 23 7 9 14 5 10 4 14 22 4 21 2 20 22 1 8 1 23 13 5 5 5 2 32 14 1 9 37 35 12 4 6 37
22 7 11 7 7 5 0 26 6 17 3 23 3 1 28 1 1 10 22 17 1 1 13 7 9 7 5 7 8 1 11 2 1 3 1 5 7 7 1 2 1 23 3 9 2 5 6 5 1 6 5 9 5 21 4 1 1 8 7 7 6 38 1 11 7 1 1 1 2 1 12 24 14 11 10 10 2 1 26 1 1 4 3 1 1 12 24 10 10 27 1 10 12 1 1 1 16 11 24 14
5 4 9 17 16 2 23 0 9 5 15 10 12 1 1 22 9 5 25 10 19 8 11 18 18 4 10 21 4 25 13 2 17 2 9 15 17 17 18 2 12 6 4 10 2 15 5 2 1 8 5 12 6 8 1 17 1 16 30 17 7 1 10 2 16 7 29 10 2 10 3 10 7 5 3 8 2 9 1 1 9 1 17 10 2 6 11 20 26 3 25 20 6 17 19 1 6 2 22 1
25 1 1 5 5 14 7 12 0 2 12 31 11 6 18 4 1 7 30 2 4 1 11 4 7 1 14 4 5 9 20 7 4 9 1 15 4 4 10 2 6 25 1 7 11 15 15 13 10 7 2 8 2 15 13 16 10 5 4 5 5 17 4 8 5 5 4 2 11 1 20 11 16 9 8 1 11 7 1 16 6 13 5 15 7 2 32 7 2 22 9 8 2 4 26 10 2 8 11 16
1 2 2 3 3 4 5 11 2 0 11 22 10 5 15 4 13 6 27 1 15 5 9 15 6 2 13 3 4 8 28 6 4 7 5 13 15 3 8 1 5 1 2 5 10 13 13 12 9 3 6 6 12 19 13 30 1 4 14 3 4 19 5 7 4 14 14 8 9 4 28 9 20 7 6 6 9 3 2 20 5 12 3 13 3 8 23 6 6 3 8 6 17 3 39 8 17 6 9 23
15 2 7 2 5 4 2 5 8 16 0 3 12 1 3 2 1 11 9 7 14 7 3 2 3 6 1 2 5 9 11 1 2 12 18 1 2 2 23 27 6 9 6 3 12 1 3 4 30 11 11 25 22 5 4 2 22 5 13 2 5 30 8 7 2 2 14 8 12 5 12 3 6 12 11 7 8 19 7 29 11 4 2 1 8 25 3 33 8 2 11 11 7 2 23 24 26 7 4 29
15 3 3 8 8 5 7 4 3 28 5 0 14 5 18 7 7 11 16 34 7 7 1 7 10 3 6 8 8 12 23 11 8 12 6 6 7 8 12 14 9 16 3 1 14 5 1 5 12 7 5 11 5 35 1 25 6 8 7 8 1 25 7 12 8 7 7 13 14 8 14 1 19 5 10 11 14 9 3 26 7 5 7 6 9 13 1 10 10 3 12 11 16 8 37 12 28 11 14 25
5 7 11 3 3 2 6 12 18 15 5 28 0 2 6 3 6 1 4 1 6 7 1 3 9 23 6 3 3 5 1 6 3 1 11 2 26 2 6 11 24 5 4 5 10 6 9 2 13 11 1 1 1 18 6 13 6 3 3 2 6 12 19 10 2 8 3 5 10 3 10 30 17 1 1 11 11 9 18 13 18 6 3 2 8 20 27 10 1 22 5 9 1 3 6 6 1 2 5 13
3 2 12 10 31 1 12 7 12 4 1 6 4 0 12 11 1 5 4 14 10 2 5 10 12 13 1 10 1 1 4 25 11 5 3 1 10 11 1 15 2 4 9 6 3 1 5 1 20 2 5 5 14 34 1 11 1 1 11 10 1 32 12 8 1 10 10 14 9 7 8 6 1 4 5 13 9 2 4 21 2 24 11 1 2 5 5 19 5 3 8 8 3 10 11 1 14 19 6 1
20 6 34 3 4 20 5 27 20 8 14 16 23 5 0 4 5 1 20 9 10 5 15 10 1 10 21 3 4 1 22 1 4 1 6 13 11 2 21 8 5 20 5 5 13 20 9 21 28 5 1 1 1 17 1 39 21 4 10 3 4 17 5 14 4 11 10 14 13 4 12 16 16 1 12 1 13 5 6 17 5 1 3 22 5 1 16 1 1 6 17 12 1 3 28 28 1 2 15 17
30 1 1 6 6 14 1 13 1 2 13 31 12 7 19 0 1 9 28 4 1 1 12 5 9 1 1 6 7 11 20 9 5 11 1 15 1 5 1 4 8 30 2 8 12 16 16 15 11 7 4 9 3 18 16 1 11 6 1 6 7 17 1 10 7 1 1 3 12 2 21 12 18 10 9 1 12 8 1 17 8 16 6 1 1 3 30 9 3 23 11 9 3 5 1 1 3 9 12 16
20 12 4 1 1 10 1 8 1 19 8 20 8 2 14 1 0 4 20 14 1 1 7 1 4 1 11 1 2 6 15 4 1 5 1 10 1 1 5 8 2 20 2 3 7 11 10 10 6 1 4 4 10 13 10 19 6 1 1 1 2 19 1 5 1 1 1 6 7 1 16 7 12 5 4 4 7 3 23 19 1 10 1 11 3 5 20 3 4 24 5 4 15 1 41 6 14 4 7 12
6 10 2 9 9 5 9 5 2 6 18 4 1 5 37 15 10 0 31 6 5 10 1 14 6 15 18 15 9 3 1 7 15 1 2 18 14 8 5 6 10 6 2 4 20 18 4 5 25 9 1 1 3 44 5 45 5 8 15 8 6 27 2 19 6 16 14 3 19 15 19 4 45 1 1 2 4 9 2 26 9 6 16 17 10 12 4 1 1 11 21 1 1 14 5 5 12 2 4 35
1 2 15 10 14 6 11 13 16 3 1 1 3 1 11 10 2 7 0 15 10 1 11 10 7 15 1 10 4 17 4 24 10 2 2 1 10 10 18 23 1 1 15 12 2 1 6 6 20 1 7 28 1 14 12 11 19 4 10 9 4 35 16 2 4 9 9 6 8 10 7 1 4 1 7 16 8 1 3 37 2 13 10 6 2 28 11 7 16 3 19 7 6 10 23 23 27 16 1 4
5 3 16 14 15 5 15 11 16 1 6 5 1 6 17 6 7 8 5 0 11 16 5 23 12 23 6 28 15 6 1 12 29 8 13 6 24 14 6 1 15 5 3 5 17 6 5 7 38 14 4 8 12 21 5 30 6 14 23 14 6 19 15 17 11 25 2 6 17 10 40 5 20 4 8 16 17 16 3 20 15 11 18 6 15 1 5 12 8 2 6 12 1 30 11 10 1 16 5 30
24 7 11 8 8 5 1 25 7 16 3 24 3 1 29 1 1 10 23 17 0 1 13 7 9 7 5 7 8 1 12 2 1 3 1 5 6 8 1 3 1 23 3 9 2 5 6 5 1 6 5 10 5 20 5 1 1 8 6 8 6 36 1 11 8 1 1 1 2 1 12 24 14 12 11 10 2 2 26 1 1 5 3 1 1 12 23 10 10 27 1 10 12 2 1 1 16 11 24 14
18 12 1 1 2 5 1 6 1 14 10 4 10 3 3 3 1 4 19 13 17 0 4 1 4 1 6 1 2 8 20 5 1 8 1 5 1 1 8 10 1 19 3 4 10 27 4 5 9 1 6 6 5 2 5 3 6 2 16 1 2 29 1 7 1 3 1 9 10 1 18 4 28 8 6 1 10 1 11 27 1 5 3 5 1 8 4 7 8 3 8 6 13 1 25 6 14 7 4 29
2 7 18 5 5 2 6 2 19 2 15 1 16 2 20 11 7 15 25 2 2 6 0 11 3 11 14 11 5 2 17 3 11 16 4 13 12 5 2 2 6 2 3 1 17 14 1 2 21 6 3 3 2 33 1 24 2 5 11 5 3 22 6 24 2 11 11 20 17 11 16 1 35 9 3 19 16 6 8 22 6 2 12 15 6 9 1 3 33 7 22 3 9 11 2 1 9 26 1 23
5 5 11 10 31 12 27 15 11 6 4 2 6 13 12 11 5 7 6 16 1 5 2 0 8 11 34 1 15 25 7 12 1 7 5 5 1 10 25 13 5 6 4 2 5 33 2 12 23 4 7 7 12 30 3 24 17 4 1 4 3 3 19 7 4 1 1 12 8 1 8 2 3 7 8 10 13 4 6 3 4 12 9 5 5 7 2 8 7 6 3 7 7 1 23 12 17 13 2 4
15 7 8 2 6 5 3 6 8 24 2 4 12 7 3 3 8 12 10 8 15 8 4 2 0 7 17 2 6 9 12 1 2 11 1 4 2 3 16 23 7 10 6 4 1 17 4 5 27 12 1 1 24 6 5 3 18 6 15 2 5 22 8 8 3 2 14 9 1 6 1 4 6 11 1 8 1 26 7 22 12 5 2 17 1 19 4 1 9 2 12 1 9 2 33 35 18 8 4 21
6 1 1 16 17 2 36 1 1 6 15 12 13 2 2 20 1 6 36 10 19 10 12 19 1 0 11 20 5 32 13 2 17 2 1 14 1 16 38 3 11 7 1 12 3 15 7 2 29 9 2 2 7 8 2 19 29 17 19 18 7 9 10 3 17 1 19 11 3 11 2 12 8 2 2 9 3 9 1 9 10 2 19 11 3 7 11 2 23 1 37 1 7 17 38 2 7 3 38 17
19 2 12 2 9 14 11 18 16 20 1 19 2 1 14 10 1 2 21 6 13 1 20 16 7 16 0 9 9 1 2 12 9 2 11 1 17 9 13 20 10 20 10 11 21 1 19 13 4 10 2 6 14 25 14 25 14 9 16 9 10 29 1 6 9 16 17 1 21 9 24 19 25 2 2 12 6 1 18 5 2 14 9 1 10 7 20 6 6 17 1 2 2 9 13 13 21 6 19 26
2 17 5 1 38 15 38 28 5 2 11 7 9 11 8 1 6 3 22 6 27 5 7 1 17 3 7 0 4 15 9 6 1 9 5 11 32 1 23 14 8 2 19 2 6 11 7 2 33 6 10 9 2 4 16 32 16 12 42 1 3 4 7 29 1 3 1 7 29 1 30 7 4 9 16 5 6 5 20 5 5 15 1 7 6 3 7 17 16 19 24 16 3 1 29 27 2 6 22 13
10 1 2 8 40 17 37 6 2 10 16 4 6 16 2 9 1 6 4 2 9 1 4 8 2 1 15 8 0 3 6 24 9 6 13 3 8 8 16 24 2 4 25 4 7 16 4 11 21 6 6 18 10 1 16 1 16 37 8 8 1 13 3 2 6 1 8 3 7 8 6 4 1 6 6 2 2 13 1 13 6 23 1 17 2 11 4 17 3 1 5 6 2 8 38 24 10 2 4 41
27 7 11 7 7 5 6 3 6 15 3 18 2 1 22 7 6 10 31 18 7 1 2 7 10 7 5 7 8 0 12 2 8 2 6 5 6 8 1 3 9 29 3 9 2 5 5 5 1 1 5 10 5 20 5 14 1 8 7 8 6 19 6 2 3 7 7 1 2 7 12 2 14 11 10 10 2 1 20 20 6 5 3 6 1 11 18 9 9 20 1 10 12 7 13 1 23 11 2 20
5 7 13 2 2 2 14 28 13 9 5 21 1 2 6 4 6 1 4 1 7 7 2 3 19 12 5 3 3 6 0 6 2 1 14 2 13 2 5 9 13 5 4 5 13 5 13 2 31 13 1 1 1 23 6 28 6 3 3 2 6 23 14 18 2 15 3 6 19 3 18 20 22 1 1 13 13 13 11 23 14 6 3 2 13 8 21 9 1 11 6 17 1 3 6 6 1 2 5 24
4 2 7 14 14 16 41 3 7 4 13 9 11 13 9 25 8 4 21 8 30 7 9 23 18 2 8 24 2 19 11 0 23 3 7 13 29 15 20 1 10 4 2 9 1 12 4 4 21 7 3 11 4 6 16 31 16 14 24 14 5 6 8 1 15 5 23 8 1 8 1 9 5 3 1 7 1 7 2 6 7 17 23 9 1 4 9 18 19 2 19 18 4 23 40 17 4 1 22 15
10 5 26 1 4 20 6 3 20 11 9 2 11 5 6 5 10 3 2 25 15 10 2 1 6 22 20 1 4 15 12 16 0 4 10 7 5 1 14 17 4 11 5 2 10 19 2 19 16 10 11 12 20 28 3 6 15 4 21 4 8 4 15 12 4 5 1 15 13 1 13 2 8 11 12 25 16 9 11 4 9 20 5 9 10 12 2 12 12 5 4 12 13 1 14 15 24 24 2 4
5 17 8 3 15 27 10 39 8 5 20 10 1 16 11 3 8 1 24 9 3 8 10 2 12 6 9 2 6 24 1 9 3 0 8 19 3 3 17 21 11 5 15 5 1 24 10 5 25 8 1 11 5 7 23 16 24 15 2 3 6 7 9 18 3 2 3 9 1 3 1 9 7 1 1 8 1 8 17 7 8 27 3 10 8 5 10 12 12 16 24 1 1 2 18 28 5 8 22 22
17 12 1 1 2 5 3 6 1 14 10 4 10 3 3 3 1 4 18 14 16 1 4 1 4 1 5 1 2 8 19 5 1 8 0 4 1 1 8 11 23 18 2 4 10 28 4 5 8 1 7 7 5 2 5 3 5 2 15 1 2 27 1 7 1 2 1 8 10 1 20 4 30 8 6 1 10 9 12 28 1 5 2 5 9 8 4 6 8 2 8 6 13 1 23 5 13 7 4 28
26 2 12 2 8 18 9 15 20 6 1 19 2 1 38 7 1 2 19 6 2 7 3 1 11 7 1 8 9 13 27 11 7 2 7 0 1 7 12 6 10 18 4 10 14 1 6 17 13 9 2 2 17 21 17 22 12 8 1 8 8 19 7 12 8 7 1 13 15 7 33 14 20 2 2 11 14 1 3 20 9 18 8 1 10 2 18 2 2 3 12 2 5 7 43 13 6 11 13 21
2 7 11 19 19 5 14 8 11 8 24 13 3 5 4 4 1 3 2 12 1 12 14 1 4 1 13 19 7 23 4 5 18 3 1 22 0 19 22 6 14 2 6 13 5 25 9 5 27 3 3 3 8 11 4 20 22 20 1 7 4 10 12 5 19 1 1 2 5 12 4 14 10 3 3 12 5 11 7 11 12 5 18 14 5 9 13 4 3 6 23 3 4 17 22 5 9 5 2 26
2 15 5 1 1 8 13 9 5 9 21 7 4 1 20 1 13 3 29 9 8 13 4 1 10 19 21 1 1 6 3 10 1 3 5 20 19 0 9 9 12 9 1 2 24 20 7 9 37 12 3 3 7 37 8 33 8 1 1 1 9 36 5 24 1 18 1 6 22 1 24 7 31 3 4 5 7 13 5 36 13 9 1 21 13 16 7 4 4 14 31 3 4 1 8 8 16 5 8 32
14 19 1 2 3 6 1 6 1 16 13 5 2 1 4 4 1 5 14 16 1 1 5 2 5 1 6 2 2 1 9 6 2 2 1 5 1 2 0 16 1 24 3 5 12 28 5 6 36 1 7 7 6 2 6 4 1 3 34 2 3 32 1 8 2 3 2 1 9 2 10 5 12 8 7 1 13 1 20 31 1 6 3 6 1 9 5 7 9 3 1 7 9 2 1 1 16 8 5 30
1 13 4 7 31 2 9 32 8 1 11 22 4 2 2 8 9 4 1 1 2 2 6 37 3 9 2 7 17 2 5 2 8 4 4 11 36 7 2 0 9 1 8 10 9 11 22 2 33 9 3 3 10 29 2 36 1 17 37 7 3 30 4 4 8 29 35 10 5 9 5 22 18 4 3 4 9 10 8 30 9 2 7 2 9 5 21 3 4 38 2 3 5 8 2 2 19 4 10 18
13 10 2 10 10 8 1 6 10 12 6 13 5 3 13 10 9 3 12 34 10 1 4 9 1 9 8 11 11 3 30 1 10 3 1 8 9 10 3 5 0 13 6 12 5 8 9 8 4 1 1 1 8 43 7 11 3 11 10 10 9 11 1 2 7 10 9 3 5 11 20 4 12 3 1 2 5 1 16 11 1 7 6 8 1 3 13 1 1 16 3 1 27 10 18 3 33 2 5 11
1 3 10 5 17 31 12 2 10 1 21 1 3 17 12 5 10 2 1 11 5 10 1 4 14 8 12 5 8 25 2 11 5 2 10 20 5 5 20 1 2 0 17 7 3 25 12 7 26 2 2 14 7 9 23 18 1 18 5 5 8 9 11 2 3 4 4 11 3 5 2 1 8 1 2 10 3 10 18 8 2 31 5 11 10 7 12 13 14 18 2 2 3 5 19 40 7 10 1 24
13 1 1 5 5 2 4 1 1 25 3 14 12 3 25 4 4 8 13 19 5 4 11 4 7 1 3 5 5 10 21 8 5 9 4 3 4 5 9 12 6 14 0 7 11 3 3 2 10 4 3 7 2 30 2 23 3 5 4 5 4 24 4 8 5 5 4 9 11 5 12 11 25 2 8 8 11 6 1 24 4 2 5 3 7 9 14 7 8 1 9 7 19 5 33 10 18 8 11 23
13 3 4 2 2 1 33 2 4 13 18 1 8 3 4 11 4 8 6 4 10 3 1 10 5 3 17 10 2 5 8 25 2 8 15 5 10 2 18 27 3 7 3 0 9 17 1 1 22 8 8 21 13 2 1 3 17 2 11 2 1 15 5 4 2 3 11 5 9 2 8 1 2 8 8 4 4 15 3 15 8 1 3 18 4 13 1 21 5 3 8 8 5 2 31 27 13 4 1 33
16 3 8 3 6 5 4 6 9 17 1 5 13 1 4 3 2 13 11 9 15 8 4 3 4 8 1 3 6 9 13 1 3 13 18 1 3 3 26 2 8 11 7 4 0 1 4 5 32 1 12 28 23 7 5 3 25 6 14 3 5 29 9 9 3 3 15 1 1 7 12 5 7 13 12 8 1 1 8 30 13 5 2 2 1 27 5 33 9 3 12 12 9 3 24 26 28 1 5 29
18 2 11 2 5 9 7 10 16 2 1 8 2 1 8 6 1 2 18 2 17 6 3 5 8 15 1 5 5 12 2 9 5 2 11 1 6 2 13 2 25 19 7 7 13 0 8 9 12 13 3 3 1 6 9 7 9 6 16 6 6 26 12 11 6 6 5 12 14 5 19 8 28 2 10 11 13 1 15 28 36 9 6 1 14 2 8 3 2 6 11 11 1 5 25 10 1 2 8 32
20 3 4 2 5 1 6 4 3 19 12 1 11 1 27 5 3 7 21 20 16 6 1 3 4 3 1 4 5 9 22 7 5 9 3 1 3 4 9 12 4 21 3 1 2 1 0 1 9 4 7 7 14 27 1 17 9 5 3 5 1 27 6 3 5 3 15 10 2 5 30 1 18 5 7 8 11 4 3 27 6 13 3 15 4 9 1 7 7 3 9 7 22 4 16 9 22 3 1 25
4 3 13 11 38 1 12 8 13 4 1 7 5 1 1 12 2 5 4 16 1 3 6 10 13 13 1 10 2 1 5 1 11 5 3 1 11 11 1 15 3 4 10 7 3 1 7 0 21 3 5 6 15 37 1 12 1 2 11 11 2 36 12 9 2 11 11 15 10 7 9 7 2 5 6 13 10 3 4 21 3 1 11 1 3 5 6 18 5 4 8 9 4 11 13 1 15 20 6 2
12 7 22 21 21 4 21 1 22 7 1 12 6 5 4 12 13 5 11 7 17 3 11 26 6 28 1 26 2 1 7 4 26 3 19 1 26 20 13 4 21 11 9 11 4 1 11 4 0 3 6 4 17 39 4 24 5 2 25 20 2 1 22 2 17 25 9 1 19 8 37 12 2 6 6 5 2 1 1 1 22 4 24 1 4 6 11 6 6 9 1 6 4 24 16 17 4 5 11 2
1 1 15 9 12 5 10 12 14 2 4 11 2 4 10 9 1 6 1 14 9 1 11 8 5 14 4 9 3 15 2 22 8 5 1 4 8 8 22 24 1 2 12 10 1 4 5 5 40 0 6 32 17 12 11 9 17 3 8 9 3 19 14 15 3 8 8 4 7 8 6 11 3 2 6 15 7 1 1 18 1 11 9 4 1 31 10 6 16 1 17 6 5 8 22 22 30 14 10 3
5 8 12 3 3 2 7 14 19 15 6 25 1 2 7 4 7 1 5 2 7 8 2 3 1 21 6 3 3 6 1 6 3 1 12 2 22 3 6 12 20 5 4 5 11 6 9 2 13 12 0 1 2 18 7 13 6 3 4 3 6 13 19 11 3 8 3 6 11 3 10 24 18 1 1 12 11 9 18 14 19 6 4 2 8 1 24 1 1 20 6 10 1 3 7 7 1 3 5 14
23 14 9 4 3 6 5 8 14 15 13 6 1 4 5 5 17 1 30 16 17 4 1 3 1 14 7 3 3 10 1 7 3 10 9 6 4 3 10 12 18 23 4 5 12 34 6 7 10 11 1 0 7 3 6 5 7 4 17 3 3 26 9 9 3 4 3 10 11 3 28 6 24 1 8 9 12 11 13 26 17 6 4 7 11 1 6 1 1 4 10 8 1 3 17 7 1 9 6 25
20 2 2 8 18 1 9 3 2 38 13 5 12 6 10 9 8 5 21 39 10 8 5 8 9 2 6 9 10 12 14 11 9 12 8 1 8 9 13 12 9 1 2 5 7 6 5 1 28 11 4 4 0 18 1 9 9 9 8 9 7 41 9 4 9 2 9 13 7 9 15 5 9 4 15 11 4 19 2 30 20 1 9 10 19 15 5 5 5 2 12 14 1 9 29 30 36 4 6 18
9 5 12 7 1 20 15 4 12 8 27 3 5 21 15 7 12 4 3 2 7 12 3 6 16 10 14 6 1 25 4 13 7 4 12 33 7 7 25 26 4 3 19 3 5 36 3 9 25 4 5 16 9 0 22 38 22 19 7 7 10 11 13 5 4 6 7 13 5 6 5 2 1 4 5 12 5 12 27 11 4 20 7 13 12 9 3 16 16 27 4 4 5 7 39 21 9 12 2 45
21 7 2 12 12 1 13 6 7 9 6 26 5 1 1 11 11 3 20 9 12 4 5 10 1 7 1 11 12 3 24 1 11 3 3 17 10 11 3 6 12 20 6 13 5 17 8 1 4 4 2 2 1 33 0 33 1 12 11 12 1 33 3 2 7 11 10 4 5 11 19 4 16 3 2 2 5 4 7 33 13 1 7 1 4 3 24 1 3 7 3 2 9 11 26 1 9 2 5 32
29 1 2 6 7 16 1 14 1 1 13 29 13 8 20 1 1 9 28 4 1 1 13 5 9 1 1 6 7 11 21 9 5 11 1 15 2 5 1 4 7 29 2 8 12 17 15 16 12 8 4 9 3 17 15 0 1 7 1 7 7 17 1 10 7 2 1 3 13 2 21 13 1 10 9 2 12 8 2 18 8 15 7 1 1 3 30 8 4 23 11 9 3 6 1 1 4 2 12 18
9 12 2 6 31 1 8 30 7 20 9 21 2 1 1 6 7 3 9 18 1 1 4 30 2 7 1 6 17 1 4 1 6 2 3 10 28 6 1 18 8 10 7 8 8 10 21 1 32 8 2 2 9 30 1 38 0 16 29 6 1 32 3 3 6 30 29 8 4 8 4 21 17 3 2 2 8 8 6 31 7 1 6 1 8 3 20 2 3 28 1 2 4 6 1 1 18 2 9 15
10 5 21 26 26 3 29 15 21 5 3 10 5 3 2 11 11 3 10 5 15 1 10 25 4 22 3 23 1 3 6 2 24 3 18 1 25 1 11 3 1 10 7 10 2 3 9 3 22 1 4 2 16 20 3 20 3 0 23 1 1 32 21 17 1 21 6 10 17 7 18 9 1 4 4 3 17 18 8 24 24 3 19 3 2 4 9 4 4 7 11 4 2 25 15 15 2 4 10 1
2 7 11 20 18 5 14 8 12 9 25 13 4 5 4 1 1 3 3 12 1 11 14 1 4 1 13 18 7 22 4 5 19 3 1 23 1 18 23 6 14 3 7 14 5 23 9 5 34 4 4 4 8 11 5 19 22 19 0 8 4 11 14 6 19 1 1 2 5 13 4 14 11 3 4 12 5 12 7 10 12 5 20 14 5 9 13 3 3 6 22 4 4 1 22 5 9 6 3 27
20 10 6 1 1 3 1 4 10 12 9 2 9 1 2 1 14 6 30 12 14 7 2 1 2 11 4 1 1 6 24 4 1 6 6 3 1 1 6 9 15 20 1 2 8 31 2 3 7 7 5 5 3 21 3 1 4 1 13 0 4 21 6 6 1 1 13 6 8 13 25 2 21 6 5 5 8 7 10 21 15 3 1 4 8 6 2 5 6 1 7 5 12 1 15 4 12 5 3 22
2 2 10 17 28 6 13 6 10 3 1 5 3 6 7 13 2 4 3 10 6 1 5 15 18 14 12 16 1 6 4 10 22 4 2 1 14 25 6 20 1 3 7 5 2 19 5 6 34 1 4 4 6 8 5 12 6 1 13 20 0 9 11 19 1 14 13 11 19 5 18 4 1 4 4 10 10 1 2 8 1 7 16 1 1 4 5 18 4 2 32 17 2 27 6 6 22 10 5 1
20 9 2 9 15 5 27 1 16 13 3 21 6 4 6 14 9 7 19 7 4 3 11 8 23 1 7 5 5 3 24 2 4 2 15 7 8 5 4 3 6 7 11 16 2 7 8 5 1 2 8 9 6 37 6 35 4 5 8 5 4 0 15 2 5 1 5 3 2 4 22 20 1 9 9 2 2 2 1 1 28 6 3 6 2 9 20 9 9 10 4 9 7 5 4 4 13 2 21 1
9 7 18 16 27 5 1 13 19 10 3 11 3 2 17 1 1 10 9 20 1 1 11 15 17 26 5 16 7 1 10 2 1 3 1 5 16 16 1 3 1 9 3 11 2 5 5 5 1 8 5 9 5 29 5 1 1 7 16 16 7 30 0 14 7 1 1 1 2 1 13 11 7 10 11 18 2 2 9 1 1 5 3 1 1 11 11 17 10 9 1 13 9 1 1 1 22 19 11 7
6 6 11 9 34 13 18 23 11 6 5 2 7 13 12 11 5 7 6 20 18 5 2 18 8 10 17 9 2 25 7 13 10 7 5 4 17 10 27 13 5 6 11 2 5 17 2 12 28 4 7 7 12 34 3 27 16 4 17 4 4 3 18 0 4 18 17 12 1 9 1 2 3 7 1 11 1 5 6 3 5 12 9 5 5 7 2 7 7 6 4 7 7 10 27 13 19 1 2 4
2 13 5 1 1 8 11 9 5 9 11 7 4 1 16 1 11 3 25 9 8 11 5 1 10 11 15 1 1 6 3 10 1 3 5 17 12 1 8 9 1 9 1 3 10 17 7 8 38 10 4 3 6 29 9 26 8 1 1 1 9 29 5 11 0 19 1 6 10 1 17 7 29 3 4 5 7 10 5 30 10 9 1 15 10 22 7 3 3 12 26 3 4 1 8 8 20 5 7 26
17 1 34 4 7 6 4 7 1 11 3 5 11 9 1 4 1 10 17 10 1 1 5 1 2 1 19 4 8 18 11 2 4 11 1 5 1 4 1 11 1 16 9 5 2 19 5 6 38 28 2 2 10 7 6 4 9 7 23 4 7 29 1 36 4 0 9 24 2 8 2 5 7 11 2 35 2 26 1 30 26 6 1 18 2 12 6 2 11 1 18 2 10 4 1 19 10 10 6 9
22 12 4 1 1 10 3 8 19 24 9 32 8 2 15 1 1 4 21 14 1 1 7 1 3 1 10 1 2 5 15 4 1 5 1 11 1 1 6 8 3 32 2 3 7 11 10 10 6 3 4 4 10 13 10 23 6 1 1 1 2 38 1 5 1 1 0 6 7 1 16 7 12 5 4 4 7 3 18 38 3 10 1 11 3 5 34 3 4 19 5 4 14 1 24 6 14 4 7 12
22 9 13 10 10 7 9 20 9 3 2 3 17 8 16 10 9 13 22 3 10 9 3 9 12 9 8 10 10 1 18 5 10 15 9 8 10 10 1 3 11 22 5 3 1 8 3 8 1 9 7 13 8 32 4 19 8 11 10 10 4 21 10 2 10 10 10 0 1 10 17 3 20 14 12 13 1 1 25 20 9 8 6 8 2 15 3 12 13 25 1 13 18 10 15 15 28 1 23 20
16 7 7 2 6 5 3 5 7 33 1 4 12 7 3 3 7 12 10 8 14 7 4 2 1 7 16 2 6 9 12 1 2 12 19 4 2 2 17 2 7 10 7 4 1 17 4 5 21 11 12 19 38 6 5 3 16 6 14 2 5 40 8 1 2 2 15 8 0 6 1 4 6 11 1 7 1 21 7 20 12 5 2 17 1 19 4 19 8 2 11 1 8 2 25 24 18 1 4 41
20 10 6 1 1 4 2 5 11 14 10 3 10 2 2 2 14 3 29 13 15 2 3 1 3 11 5 1 1 7 25 4 1 7 7 3 1 1 7 10 15 19 2 3 9 36 3 4 8 9 5 5 4 1 4 2 4 1 14 1 1 23 6 6 1 1 1 8 9 0 25 3 22 7 6 6 9 8 10 22 15 4 1 4 8 7 3 5 6 1 7 5 12 1 16 4 13 6 3 22
16 7 8 2 6 5 3 5 8 27 2 4 12 7 3 3 7 11 10 8 14 8 4 2 1 7 17 2 6 9 12 1 3 1 21 4 2 3 17 24 7 10 7 4 1 16 4 5 21 11 12 19 35 6 5 3 18 6 14 2 5 41 9 1 3 2 14 9 1 6 0 4 6 12 1 8 1 23 7 21 12 5 2 16 1 19 4 19 8 2 11 1 8 2 31 31 19 8 4 43
26 3 13 10 10 7 9 2 9 18 5 1 4 3 1 8 9 13 1 20 9 3 1 9 12 9 7 10 10 2 14 1 10 2 8 7 8 9 2 2 11 26 5 1 4 8 1 7 3 4 7 12 7 32 1 16 2 10 9 10 9 32 8 4 2 9 9 2 4 10 14 0 17 13 13 13 4 3 23 35 9 7 5 7 4 14 1 12 12 24 2 12 14 10 16 3 27 13 1 32
3 6 6 11 11 20 5 19 6 6 3 39 17 12 5 5 6 13 4 2 5 2 17 10 13 6 6 10 1 15 33 2 10 14 6 21 6 10 5 9 2 25 7 13 2 20 21 19 16 2 9 13 8 1 21 5 15 11 5 10 1 1 5 15 11 6 5 3 2 7 36 16 0 5 14 6 2 2 6 1 2 19 11 6 2 8 38 13 8 26 16 13 2 10 5 5 8 14 17 22
5 3 9 16 16 1 12 4 9 6 19 10 1 1 1 17 8 1 18 10 20 9 10 15 1 4 10 14 4 19 1 1 15 1 9 19 16 16 20 2 10 5 3 11 2 19 5 1 20 9 1 1 5 8 1 17 20 15 30 5 7 7 9 2 16 2 15 10 2 9 1 11 7 0 1 8 2 8 3 8 9 1 17 10 2 6 10 1 1 3 20 1 1 15 20 2 5 2 17 32
9 6 3 2 38 5 36 8 3 8 21 18 13 5 5 3 4 8 36 12 16 4 18 33 1 3 22 2 7 16 13 5 3 1 4 21 33 2 16 6 25 9 3 4 5 20 9 5 22 4 8 18 5 11 5 15 16 23 15 2 10 11 27 1 2 10 15 5 1 5 1 18 10 8 0 3 6 22 3 11 4 5 2 25 5 9 19 1 17 7 15 1 5 2 16 5 9 6 19 34
2 4 1 11 11 3 12 8 1 8 2 6 4 2 24 3 1 5 2 8 7 1 6 17 8 18 2 17 11 1 5 9 17 5 1 3 18 10 3 8 1 2 8 6 1 3 6 3 36 1 5 5 2 36 3 35 3 10 17 11 3 37 1 34 8 17 17 1 23 1 21 6 34 3 5 0 1 1 14 36 1 8 17 3 1 5 6 8 1 12 3 9 1 17 7 7 15 1 2 38
22 8 12 9 9 6 8 15 8 1 1 2 15 7 17 8 8 11 15 2 8 8 2 9 12 9 7 9 10 13 28 3 9 14 8 7 8 9 13 1 11 21 4 2 1 7 2 6 14 8 6 11 6 41 3 31 7 9 8 9 3 16 8 1 9 8 8 1 1 9 20 2 23 13 11 12 0 1 18 17 8 6 5 7 1 13 2 11 11 23 13 11 22 9 19 13 34 1 14 17
11 9 15 5 19 5 16 10 13 11 4 24 2 4 1 16 1 1 27 15 15 1 26 22 6 9 4 16 9 15 2 7 16 2 1 3 21 16 16 8 1 11 8 21 1 3 5 4 16 1 2 2 10 13 7 16 16 17 30 10 12 13 15 7 17 7 16 1 8 16 6 25 13 2 6 14 1 0 9 12 1 7 20 4 1 11 25 6 14 9 16 5 2 17 16 7 11 8 27 20
23 1 1 1 2 2 3 1 1 17 9 35 8 3 14 2 12 4 24 16 13 3 8 12 4 1 11 1 2 6 15 4 2 6 4 11 12 2 6 9 3 24 1 3 7 11 12 10 6 1 4 4 11 19 11 19 6 2 12 2 2 29 3 5 2 1 12 6 7 2 26 7 19 2 4 5 7 1 0 31 3 10 2 11 1 6 37 4 4 1 6 4 14 2 25 6 15 5 7 18
9 6 14 12 11 4 5 1 5 22 4 10 8 4 13 6 1 18 9 13 6 5 10 20 14 13 4 20 11 6 18 7 7 2 5 4 1 11 6 8 5 10 2 9 7 4 4 4 1 6 4 26 4 12 4 6 5 11 1 12 5 1 5 8 11 7 1 6 7 6 8 10 1 11 8 13 7 7 1 0 6 4 9 5 7 22 10 28 14 12 6 18 14 7 6 6 23 8 9 1
11 1 29 6 6 18 1 23 10 4 9 10 21 8 25 5 1 9 10 3 6 1 10 5 9 5 11 5 7 19 20 8 5 13 1 10 5 5 18 4 1 10 1 8 8 10 4 16 24 1 3 1 17 27 11 37 11 7 5 6 7 24 1 12 6 5 5 9 8 5 13 10 28 3 13 9 8 1 1 22 0 17 6 19 1 4 9 9 14 1 12 9 3 5 18 18 3 9 10 7
27 4 4 9 9 1 10 5 4 6 3 21 3 2 1 8 8 12 29 6 1 2 15 8 12 4 26 8 9 1 13 1 2 3 4 20 8 7 1 3 10 29 3 11 1 26 6 1 1 10 5 12 1 18 1 16 1 9 8 9 9 22 8 12 9 8 7 1 1 2 13 21 16 6 12 5 1 2 4 1 10 0 4 16 2 6 21 11 6 4 1 11 6 2 1 2 6 13 21 19
14 5 6 1 4 3 1 4 6 31 15 2 10 5 1 1 6 10 8 6 13 5 2 1 2 6 15 1 4 7 10 22 1 10 18 2 1 1 15 22 5 8 5 2 11 15 2 3 20 10 10 17 25 5 3 1 15 4 12 1 3 40 7 6 1 1 13 7 11 4 10 2 4 10 10 6 7 21 5 20 9 3 0 16 7 17 2 17 7 1 9 11 7 1 41 22 17 6 2 41
6 12 10 4 22 1 30 13 10 6 11 15 2 1 16 5 9 1 14 10 5 9 27 4 2 8 1 4 9 30 2 10 4 2 9 1 4 4 30 11 16 6 12 6 2 1 1 1 37 9 2 20 6 9 15 23 15 23 4 4 7 9 10 10 5 3 4 11 3 4 2 14 8 2 2 9 3 10 12 9 9 15 4 0 9 6 39 2 26 12 31 1 2 4 30 29 6 10 14 14
2 4 4 9 9 18 3 17 4 4 1 28 15 10 3 3 4 11 2 6 3 1 16 8 12 4 4 8 9 13 24 1 8 14 4 18 4 8 4 6 1 39 5 11 1 19 18 18 14 1 6 12 6 20 18 3 14 9 3 9 10 19 3 12 9 4 3 1 1 5 24 15 20 3 11 4 1 1 4 21 1 17 9 4 0 6 29 11 6 26 13 12 6 8 3 3 6 12 16 19
1 7 12 7 11 9 3 3 13 4 14 4 18 11 4 3 12 19 5 1 17 12 4 7 8 12 17 7 11 13 31 17 7 5 18 9 7 7 15 14 11 1 11 4 13 19 4 9 19 4 1 1 21 11 9 3 4 2 27 7 3 3 14 13 6 7 27 14 13 11 36 4 3 26 17 12 13 13 12 3 19 9 7 17 13 0 4 17 1 7 6 17 13 7 15 17 1 4 5 2
7 12 2 9 9 6 11 6 2 6 19 1 21 6 24 15 10 19 29 6 6 3 1 15 7 16 19 16 2 6 21 7 16 20 2 19 16 9 6 6 10 6 3 1 20 18 1 6 27 10 7 7 4 42 1 27 6 9 15 9 1 26 10 28 7 16 15 4 20 15 19 1 39 14 8 2 5 10 11 27 10 6 17 18 11 13 0 7 33 11 26 7 4 15 6 6 14 29 5 27
13 16 22 4 3 7 5 8 17 13 23 6 1 4 5 5 22 1 14 22 11 5 2 3 1 16 8 3 3 33 1 7 3 9 1 6 4 3 34 23 14 14 5 6 10 8 6 7 25 14 1 1 7 4 7 5 7 4 11 3 4 12 22 15 3 4 3 19 10 3 9 6 12 1 1 22 10 17 17 12 21 7 4 7 18 1 6 0 1 4 14 1 1 3 38 7 1 14 6 12
10 10 17 14 36 28 15 31 15 10 9 6 1 28 16 15 9 1 10 4 13 8 1 14 1 15 15 13 6 3 11 21 14 11 1 9 13 2 15 19 9 11 17 6 9 28 6 26 3 9 1 1 17 37 7 15 27 8 14 8 8 7 15 4 8 13 13 2 4 3 4 6 7 1 4 1 4 3 9 3 8 24 14 9 9 1 6 1 0 10 3 1 1 14 14 15 1 2 6 8
9 1 12 1 17 14 16 1 12 9 3 5 9 15 1 1 8 10 9 11 17 8 5 16 2 1 16 1 5 22 9 2 17 10 3 2 11 18 22 4 7 9 1 2 2 15 5 15 23 8 2 2 13 18 6 22 16 6 16 4 6 6 17 2 6 1 12 4 2 11 2 5 6 2 2 12 2 3 1 6 7 14 1 7 2 10 5 2 9 0 7 2 11 16 20 21 10 3 5 6
18 7 11 8 8 5 7 30 7 17 3 1 2 6 32 8 7 11 19 18 8 1 1 7 10 7 6 8 9 1 12 2 8 2 7 6 7 8 1 3 9 18 3 1 2 6 1 5 40 7 5 10 5 24 2 1 1 8 7 8 2 38 7 12 8 7 7 1 3 8 13 1 1 12 11 12 3 1 30 37 7 6 4 6 2 12 1 10 11 31 0 10 13 8 14 15 21 11 33 25
13 5 10 5 9 7 5 4 10 12 12 2 15 10 6 5 2 1 2 10 15 10 2 5 1 2 15 5 9 11 30 15 5 1 17 7 5 5 14 12 9 12 9 2 10 17 2 7 18 17 16 15 19 9 7 5 14 8 25 2 8 41 11 11 4 2 26 12 11 8 1 2 9 1 1 11 10 11 10 38 17 7 5 15 10 23 2 1 11 5 4 0 11 5 14 14 24 11 2 38
4 15 7 2 2 1 15 10 6 11 22 9 5 1 18 3 15 5 29 1 9 15 6 2 11 17 33 2 2 7 5 12 2 5 7 1 24 2 10 11 15 11 3 4 22 23 9 1 38 14 5 1 1 20 10 25 10 2 3 2 11 20 7 23 2 26 2 8 22 2 23 8 20 5 5 6 9 15 6 20 13 10 2 1 14 30 9 5 5 16 27 5 0 2 10 10 1 1 9 39
2 14 4 1 11 8 12 8 4 8 21 7 3 8 18 17 13 3 37 9 8 12 4 1 9 18 29 1 11 6 3 9 1 3 4 21 17 1 8 8 12 8 4 7 19 22 6 8 29 13 3 3 6 21 8 23 8 11 1 1 8 29 5 19 1 18 1 5 19 1 20 7 22 3 3 4 6 12 4 30 12 8 17 23 12 15 7 3 3 13 29 3 3 0 8 8 15 4 6 22
18 2 37 5 9 7 1 8 2 12 4 6 12 10 2 1 1 12 19 11 1 2 6 1 3 1 20 5 9 19 12 3 5 12 2 7 1 5 1 13 2 18 10 6 1 19 6 7 44 1 3 3 11 9 8 5 1 9 25 5 8 30 1 36 5 1 9 26 3 9 3 7 8 13 3 35 3 1 2 31 27 8 1 1 1 12 6 3 12 1 19 3 10 5 0 1 11 11 7 10
6 4 9 4 4 17 1 3 9 13 12 2 7 1 21 5 19 7 2 13 1 19 2 4 21 20 18 4 4 1 7 14 4 3 9 17 19 4 1 13 3 32 5 2 11 17 2 18 10 19 7 7 10 24 2 24 1 4 4 4 14 3 9 1 4 20 4 10 11 4 21 1 23 7 7 8 11 10 9 3 19 17 4 17 11 26 2 7 7 20 3 7 8 4 1 0 26 1 2 3
14 1 1 7 7 4 6 3 1 24 5 15 13 5 19 6 1 9 16 1 7 2 12 6 9 1 5 7 7 12 24 10 7 1 1 5 1 7 12 14 8 15 2 9 12 5 5 4 11 6 1 1 3 38 4 26 5 7 6 7 6 26 6 11 7 1 2 3 13 2 13 13 20 1 10 2 13 9 1 26 6 4 7 5 9 1 16 9 1 2 11 1 1 7 36 11 0 10 12 28
25 8 1 9 9 7 8 16 9 2 2 2 16 7 18 9 8 12 15 2 9 8 2 8 11 9 7 9 2 14 24 3 9 14 9 7 8 9 13 2 10 24 4 2 1 7 2 6 14 8 7 11 7 35 3 18 7 9 8 9 3 16 1 1 10 9 9 2 1 9 26 2 19 13 12 1 1 1 18 16 8 7 5 8 1 14 2 11 12 21 14 11 23 9 19 14 25 0 15 17
4 3 8 15 44 4 32 2 3 5 14 1 12 13 10 25 8 11 1 9 31 8 1 35 19 3 9 34 6 18 12 9 35 2 8 13 35 33 26 17 1 1 3 1 4 14 1 4 37 1 12 12 4 7 4 34 18 16 36 32 6 4 9 2 2 3 22 5 31 9 43 1 7 4 19 8 4 4 3 4 8 4 33 4 3 5 1 19 19 3 2 20 5 34 29 31 5 8 0 4
8 18 11 6 18 35 14 1 11 2 23 12 4 19 2 1 11 3 29 11 6 11 13 5 14 9 12 5 10 3 3 2 6 3 11 1 5 6 20 3 13 8 19 8 4 27 13 7 1 11 3 14 2 10 2 1 26 18 5 6 1 1 12 21 6 6 5 12 4 5 3 13 9 3 3 11 4 11 20 1 11 2 6 12 11 8 12 14 15 20 24 3 2 6 21 37 8 3 24 0
0 0 1 0 0 0 0 0 0 1 0 0 0 0 0 0 0 1 0 0 0 0 0 0 0 0 0 1 0 0 0 0 0 1 0 0 0 0 0 1 0 0 0 0 1 0 1 0 0 0 1 0 0 0 0 0 1 0 0 1 0 0 0 1 0 0 0 0 0 0 0 0 0 0 0 0 0 0 0 1 0 0 0 0 0 0 1 0 0 0 1 1 1 1 0 1 0 1 0 0
21 4999 311 32
6 4693 269 49
4 4395 290 10
44 4953 306 73
27 5062 324 55
70 4837 249 129
16 4850 181 135
7 5236 318 9
43 4840 286 6
25 4743 212 44
61 4659 250 270
41 4818 364 35
26 4686 314 31
32 4726 288 8
37 4608 292 83
14 4838 268 16
39 5040 561 68
8 4641 316 68
50 4518 254 13
99 4480 431 17
15 5208 341 78
86 4969 239 11
30 4861 395 166
13 4911 360 10
83 4366 317 62
97 4785 461 238
77 4419 327 61
84 4587 277 34
53 4591 349 69
66 4990 329 84
38 11 74
5 12 149
46 11 130
36 11 29
23 11 78
20 12 44
12 12 276
48 12 16
9 5 63
35 3 64
73 6 146
1 10 39
58 6 226
24 13 70
42 4 121
100 13 81
22 13 44
17 10 63
56 11 33
65 11 50
82 15 6
90 11 13
74 10 77
71 12 161
52 14 74
89 4 250
85 13 11
67 12 55
19 14 156
75 11 12
